#TITLE:Invitation from Mr.C;
#SUBTITLE:;
#ARTIST:C-Show;
#TITLETRANSLIT:;
#SUBTITLETRANSLIT:;
#ARTISTTRANSLIT:;
#GENRE:;
#CREDIT:;
#BANNER:Invitation From Mr C - bn.png;
#BACKGROUND:Invitation From Mr C - bg.png;
#LYRICSPATH:;
#CDTITLE:gpopcdtitle.png;
#MUSIC:song.ogg;
#OFFSET:-0.506;
#SAMPLESTART:45.388;
#SAMPLELENGTH:16.694;
#SELECTABLE:YES;
#DISPLAYBPM:115.000:230.000;
#BPMS:0.000=230.000,72.000=115.000,76.000=230.000,84.000=115.000,88.000=230.000,224.000=460.000,225.000=230.000,225.500=115.000,231.000=230.000,251.000=115.000,267.000=230.000;
#STOPS:;
#BGCHANGES:;
#KEYSOUNDS:;

//---------------dance-single - Gpop----------------
#NOTES:
     dance-single:
     Gpop:
     Challenge:
     13:
     1.000,1.000,0.277,0.120,0.726:
0000
0000
0000
0000
,
0000
0000
0000
0000
,
0000
0000
0000
0000
,
0000
0000
0000
0000
,
1001
0000
1000
0010
0100
0000
0110
0000
0000
0000
1010
0000
0000
0000
1001
0000
,
0000
0011
0000
0110
0100
1000
0001
0100
,
0110
0000
0010
1000
0001
0000
1001
0000
0000
0000
1100
0000
0000
0000
0110
0000
,
0000
0011
0000
1001
2000
0000
3010
0000
,
0110
0000
0100
0001
0000
0000
1000
0000
0000
0000
0100
0000
0000
0000
1000
0000
,
0000
0010
0000
0100
0001
0100
0010
1000
,
0001
0000
0010
0001
0000
0000
1000
0000
0000
0000
0010
0000
0000
0000
0100
0000
,
0000
0001
0000
2000
0000
0000
3001
0000
,
0101
0100
0010
1000
0010
0100
0001
0010
,
0100
0000
1000
0000
0100
0000
0010
0000
0001
0000
1000
0000
0010
0100
0010
0100
,
0001
0000
0000
0101
0000
1100
0000
1001
,
0001
0000
0100
0010
0100
0000
0001
0000
1000
0000
0000
0000
MMMM
0000
0000
0000
,
1000
0000
0100
00M0
0100
0000
0001
0000
0100
00M0
0100
0000
1000
0000
0100
00M0
,
0100
0000
0001
0000
0100
00M0
0100
0000
1000
0000
0100
0000
0001
0000
0100
0000
,
10M0
0000
0001
0000
0100
0000
0010
0000
1010
0000
0000
0000
1000
0000
0001
0000
0010
0000
0000
0000
0100
0000
0010
0001
1000
0000
0000
0000
0004
0000
0000
0000
,
1M03
0000
0010
0M00
0010
0000
0001
0000
0010
0M00
0010
0000
1000
0000
0010
0M00
,
0010
0000
0001
0000
0010
0M00
0010
0000
1000
0000
0010
0000
0001
0000
0010
0000
,
1M00
0000
0000
0000
0001
0000
0000
0000
0100
0000
0010
0000
0010
0000
0010
0000
1000
0001
1000
0100
0010
0000
0001
0000
1000
0000
0000
0000
0010
0000
0000
0000
,
1000
0000
0100
00M0
0100
0000
0001
0000
0100
00M0
0100
0000
1000
0000
0100
00M0
,
0100
0000
0001
0000
0100
00M0
0100
0000
1000
0000
0100
0000
0010
0000
0001
0000
,
1000
0000
0010
0M00
0010
0000
0001
0000
0010
0M00
0010
0000
1000
0000
0010
0M00
,
0010
0000
0001
0000
0010
0M00
0010
0000
1000
0000
0010
0000
0400
0000
0000
0000
,
0301
0000
0010
0M00
0010
0000
1000
0000
0100
00M0
0100
0000
0001
0000
0100
00M0
,
0100
0000
1000
0000
0010
0M00
0010
0000
0001
0000
1000
0000
0010
0000
0100
0000
,
0001
1000
0001
1000
0001
1000
0001
1000
,
0001
1000
0001
1000
0001
1000
0001
1000
,
0001
0010
0100
0010
0001
1000
0100
0010
0001
1000
0001
0100
0010
0100
0001
1000
,
0001
0010
0100
1000
0001
0010
0100
1000
0001
0100
0010
1000
0001
0100
0010
1000
,
0002
0000
0000
0000
0000
0000
MMM3
000M
,
1000
0000
0100
0000
1000
0100
0010
0000
0100
0000
1000
0000
0100
0000
1000
0000
,
0100
0010
0001
0000
1000
0000
0100
0000
1000
0000
0001
0010
0100
0000
1000
0000
,
0001
0000
0100
0000
0001
0100
0010
0000
0100
0000
0001
0000
0100
0000
0001
0000
,
0100
0010
1000
0000
0001
0000
0010
0000
0100
0000
1000
0000
0001
0000
1000
0000
,
0001
0000
0010
0000
0001
0010
0100
0000
0010
0000
0001
0000
0010
0000
0001
0000
,
0010
0100
1000
0000
0001
0000
0010
0000
0001
0000
1000
0010
0100
0000
0001
0000
,
1000
0000
0010
0000
1000
0010
0100
0000
0010
0000
1000
0000
0010
0000
1000
0000
,
0010
0100
0001
0000
0010
0000
0100
0000
1000
0000
000M
0000
MM00
0000
00MM
0000
,
1001
0000
1000
0000
0010
1000
0001
0000
0010
0000
0100
0000
0010
0000
0001
0000
,
1000
0010
0100
0000
0001
0000
0010
0000
0001
0000
1000
0000
0010
0000
1000
0000
,
0001
0000
0010
0000
0100
0010
0001
0000
1000
0000
0010
0000
1000
0000
0001
0000
,
1000
0000
0100
0000
0010
0000
0001
0000
0100
0010
1000
0000
0001
0000
0010
0000
,
0100
0000
0010
0000
0001
1000
0010
0000
0100
0000
0010
0000
1000
0000
0010
0000
,
0100
0001
0010
0000
0100
0000
0010
0000
0001
0000
1000
0000
0100
0000
1000
0000
,
0001
0000
0100
0000
0010
1000
0100
0000
0010
0000
0001
0000
0010
0000
0001
0000
,
1000
0000
0100
0000
0010
0000
0001
0000
1000
0001
1000
0000
0010
0000
0100
0000
,
0001
0000
M010
0000
0100
0010
M001
0000
0100
0000
M010
0000
0100
0000
M001
0000
,
0010
0100
M010
0000
0001
0000
M010
0000
0100
0000
M010
0000
0001
0000
M100
0000
,
0010
0000
100M
0000
0100
0010
010M
0000
1000
0000
001M
0000
0100
0000
001M
0000
,
1000
0000
010M
0000
0010
0000
010M
0000
0010
0100
1000
0000
0001
0000
1000
0000
,
0010
0000
1M00
0000
0001
0010
0M01
0000
1000
0000
0M10
0000
1000
0000
0M01
0000
,
0010
0001
1M00
0000
0010
0000
1M00
0000
0001
0000
1M00
0000
0001
0000
1M00
0000
,
0010
0000
0100
0000
0004
0000
1003
0100
1000
0100
0010
0000
0001
0000
1000
0000
,
0020
0000
0000
0000
0000
0000
0000
0000
0030
0000
0000
0000
1001
0000
1000
0100
,
0010
0000
0001
1000
0002
0000
0000
0000
0003
0000
0000
0000
1MM1
0000
1000
0000
,
0010
1000
0001
0010
0001
0010
0100
1000
,
0001
0000
1000
0000
0100
0000
0010
0000
0001
0000
0100
0000
0001
0010
0100
1000
,
0001
0010
0100
1000
0001
0100
0010
1000
0001
0100
0010
1000
0001
0010
0100
0010
,
0001
1000
0100
0010
0001
1000
0010
0100
0010
1000
0010
0100
0001
0000
1000
0000
,
0010
0000
0000
0000
0100
0000
0000
0000
0001
0000
0000
0000
0010
0000
0000
0000
0100
0000
0000
0000
1000
0000
0000
0000
1MM1
0000
0001
0000
1000
0010
0100
0000
,
0000
0001
1000
1000
0100
0010
0010
0001
2000
0000
0000
0000
3010
0100
0010
0100
,
0001
0000
0010
0000
0100
0000
1000
0000
0001
0100
0010
0000
1000
0000
0001
0000
0010
0000
0001
0000
1000
0000
0010
0000
0110
0000
0100
0000
0001
1000
0001
0000
,
0000
1000
0100
0100
1000
0001
0001
0100
0020
0000
0000
0000
1030
0100
1000
0001
,
0100
0000
0000
0000
0010
0000
1000
0000
0001
0010
0100
0000
0010
0000
0001
0000
4000
0000
0000
0000
3010
0000
0100
0000
00M1
0000
0000
0000
1000
0000
0000
0000
,
0001
0010
0001
0000
1000
0000
1000
0000
1000
0000
0000
0000
0101
0000
0001
0000
,
1000
0100
0010
0000
0001
0000
0001
0000
0001
0000
0000
0000
0101
0000
0100
0000
,
0010
1000
0001
0000
0010
0000
0010
0000
0010
0000
0000
0000
1100
0000
1000
0000
,
0001
0100
0010
0000
0400
0000
0000
0000
0304
0000
0000
0000
1003
0000
0100
0000
,
0010
0100
1000
0001
0100
0010
1000
0001
,
0010
0000
0100
0000
0010
0000
0001
0000
0100
0000
0010
0000
1000
0100
0010
0100
,
0010
0001
0010
0100
1000
0001
0100
0010
1000
0010
0100
0001
1000
0000
1000
0000
,
00M0
0M00
000M
0000
M00M
0000
1001
1000
,
0010
0100
0001
0000
0010
0000
0100
0000
0010
0000
0001
0000
0100
0010
1000
0000
,
0001
0010
0100
0010
0100
1000
0001
0100
,
0010
1000
0001
0000
0010
0000
0001
0000
0100
0000
0010
0000
1000
0000
0100
0000
,
0001
0100
1000
0010
0001
0010
1000
0001
,
0010
0100
1000
0000
0001
0000
0100
0000
0010
0000
1000
0000
0001
1000
0010
0000
,
0100
0001
0100
0010
1000
0001
0010
0100
,
0010
0001
1000
0000
0010
0000
0100
0000
0001
0000
1000
0000
0001
0000
0100
0000
,
1000
0100
0001
0010
1000
0010
0001
1000
,
0010
1000
0M01
0000
0010
0000
0M01
0000
1000
0000
0M01
0000
1000
0010
1M00
0000
,
0001
0M10
0001
1M00
0010
1M00
0001
10M0
,
0001
1000
01M0
0000
1000
0000
01M0
0000
1000
0000
00M1
0000
1000
0000
01M0
0000
,
0001
01M0
1000
0010
0001
0010
0100
M001
,
0010
0100
M010
0000
0001
0000
M010
0000
0100
0000
M010
0000
0001
0100
M010
0000
,
0100
M010
0100
M001
0010
M100
0010
010M
,
1000
0100
001M
0000
0100
0000
100M
0000
0010
0000
010M
0000
0010
0000
0100
0000
,
1000
0100
0001
0010
1000
0010
0001
1000
,
0001
0010
0100
0000
1000
0000
0001
0000
1000
0000
0001
0000
1000
0100
0010
0000
,
0001
1000
0004
0000
1003
0010
0100
0010
,
0100
0010
1000
0000
0100
0000
0010
0000
0100
0000
0010
0000
0100
0010
0001
0000
,
0100
0000
0010
1000
0001
0000
0010
0000
0100
0000
1000
0000
2002
0000
0000
0000
,
3003
0220
0000
0330
2002
0000
0000
3003
;
