#TITLE:V.S.Invader(easy)
;

#SUBTITLE: ;
#ARTIST:rasu-k;
#TITLETRANSLIT:;
#SUBTITLETRANSLIT:;
#ARTISTTRANSLIT:;
#GENRE:;
#CREDIT:;
#BANNER:;
#BACKGROUND:jacket.jpeg;
#LYRICSPATH:;
#CDTITLE:;
#MUSIC:song.mp3;
#OFFSET:0.007000;
#SAMPLESTART:20.836330;
#SAMPLELENGTH:12.000000;
#SELECTABLE:YES;
#BPMS:0.000000=288.000000
;
#STOPS:;
#BGCHANGES:;
#KEYSOUNDS:;
#ATTACKS:;

//---------------dance-double - Hard----------------
#NOTES:
     dance-double:
     Hard:
     Hard:
     8:
     0.255747,0.412144,0.052143,0.165118,0.000000,181.000000,6.000000,19.000000,0.000000,0.000000,0.000000,0.255747,0.412144,0.052143,0.165118,0.000000,181.000000,6.000000,19.000000,0.000000,0.000000,0.000000:
  // measure 0
00000000
00000000
00000000
00000000
,  // measure 1
00000000
00000000
00000000
00000000
,  // measure 2
00000000
00000000
00000000
00000000
,  // measure 3
00201000
00000000
00300000
00000000
,  // measure 4
01000000
00000000
00000000
01000000
00000000
00000000
00000000
00000000
,  // measure 5
00020000
00000000
00030000
00000000
,  // measure 6
00001000
00000000
00000000
00001000
00000000
00000000
00000000
00000000
,  // measure 7
02000000
00000000
03000000
00000000
,  // measure 8
00100000
00000000
00000000
00100000
00000000
00000000
00000000
00000000
,  // measure 9
00002000
00000000
00003000
00000000
,  // measure 10
00010000
00000000
00000000
00010000
00000000
00000000
00000000
00000000
,  // measure 11
00200000
00000000
00300000
00000000
,  // measure 12
01000000
00000000
00000000
01000000
00000000
00000000
00000000
00000000
,  // measure 13
00200000
00000000
00300000
00000000
,  // measure 14
00010000
00000000
00000000
00010000
00000000
00000000
00000000
00000000
,  // measure 15
00010000
00000000
00000000
00000000
,  // measure 16
00100000
00000000
00000000
00000000
,  // measure 17
00010000
00000000
00000000
00000000
,  // measure 18
00001000
00000000
00000000
00000000
,  // measure 19
00000100
00000000
00000000
00000000
,  // measure 20
00001000
00000000
00000000
00000000
,  // measure 21
00010000
00000000
00001000
00000000
,  // measure 22
00001000
00000000
00100000
00000000
,  // measure 23
00100000
00000000
00000000
00000000
,  // measure 24
01000000
00000000
00000000
01010000
00000000
00000000
00000000
00000000
,  // measure 25
00100000
00000000
00000000
00000000
,  // measure 26
00001000
00000000
00000000
01001000
00000000
00000000
00000000
00000000
,  // measure 27
00010100
00000000
00000000
00000000
,  // measure 28
00010000
00000000
00000000
00100000
00000000
00000000
00000000
00000000
,  // measure 29
00110000
00000000
00000000
00000000
,  // measure 30
00001000
00000000
00000000
00010000
00000000
00000000
00000000
00000000
,  // measure 31
00011000
00000000
00000000
00000000
,  // measure 32
00000000
00000000
00000000
00000000
,  // measure 33
00000000
00000000
00000000
00000000
,  // measure 34
00000100
00000000
00000000
00001000
00000000
00000000
00000000
00000000
,  // measure 35
00000100
00000000
00000000
00000000
,  // measure 36
00000100
00000000
00000100
00001000
,  // measure 37
00000100
00000000
00000000
00000000
,  // measure 38
01000000
00000000
00000000
00000000
,  // measure 39
01000000
00000000
00000000
00000000
,  // measure 40
00100000
00000000
00100000
00010000
,  // measure 41
00100000
00000000
00000000
00000000
,  // measure 42
00010000
00000000
00000000
00000000
,  // measure 43
00002000
00000000
00003000
00000000
,  // measure 44
00010000
00010000
00001000
00010000
,  // measure 45
00010000
00000000
00000000
00000000
,  // measure 46
00100000
00000000
00000000
00000000
,  // measure 47
00010000
00000000
00000000
00000000
,  // measure 48
00100000
00000000
00000000
00000000
,  // measure 49
01000000
00000000
00000000
00000000
,  // measure 50
10000000
00000000
00000000
00000000
,  // measure 51
01000000
00000000
01000000
00000000
,  // measure 52
00100000
00000000
01000000
00000000
,  // measure 53
00100000
00000000
00000100
00000000
,  // measure 54
00000100
00000000
10000000
00000000
,  // measure 55
10000000
00000000
00010000
00010000
,  // measure 56
00200000
00300000
00010000
00010000
,  // measure 57
00002000
00003000
00001000
00000000
,  // measure 58
00020000
00030000
00010000
00000000
,  // measure 59
00100000
00000000
01000000
00000000
,  // measure 60
00010000
00000000
01000000
00000000
,  // measure 61
00020000
00000000
00030000
00000000
,  // measure 62
00010000
00000000
00010000
00000000
,  // measure 63
00100000
00000000
00010000
00000000
,  // measure 64
00001000
00000000
00001000
00000000
,  // measure 65
00010000
00000000
00010000
00000000
,  // measure 66
00001000
00000000
00100000
00000000
,  // measure 67
00020000
00000000
00000000
00000000
,  // measure 68
00000000
00000000
00000000
00000000
,  // measure 69
00000000
00000000
00000000
00000000
,  // measure 70
00230000
00000000
00000000
00000000
,  // measure 71
00302000
00000000
00000000
00000000
,  // measure 72
00000000
00000000
00000000
00000000
,  // measure 73
00000000
00000000
00000000
00000000
,  // measure 74
00203000
00000000
00000000
00000000
,  // measure 75
00320000
00000000
00000000
00000000
,  // measure 76
00030000
00000000
00000000
00000000
,  // measure 77
00000000
00000000
00000000
00000000
,  // measure 78
00000000
00000000
00000000
00000000
,  // measure 79
00200000
00000000
00000000
00000000
,  // measure 80
00300000
00000000
00000000
00000000
,  // measure 81
00020000
00000000
00000000
00000000
,  // measure 82
00031000
00000000
00010000
00000000
,  // measure 83
00001000
00000000
00000000
00000000
,  // measure 84
00000000
00000000
00000000
00000000
,  // measure 85
00000000
00000000
00000000
00000000
,  // measure 86
00001000
00000000
00000000
00000000
,  // measure 87
00000100
00000000
00000000
00000000
,  // measure 88
00000000
00000000
00000000
00000000
,  // measure 89
00000000
00000000
00000000
00000000
,  // measure 90
00100000
00000000
00000000
00000000
,  // measure 91
00010000
00000000
00000000
00000000
,  // measure 92
00000000
00000000
00000000
00000000
,  // measure 93
00000000
00000000
00000000
00000000
,  // measure 94
00000000
00000000
00000000
00000000
,  // measure 95
00110000
00000000
00010000
00000000
,  // measure 96
00110000
00000000
00100000
00000000
,  // measure 97
00100000
00000000
00000000
00100000
00000000
00000000
00010000
00000000
,  // measure 98
00000000
00010000
00000000
00000000
00100000
00000000
00010000
00000000
,  // measure 99
00100000
00000000
00000000
00000000
,  // measure 100
00001000
00000000
00001000
00000000
,  // measure 101
00011000
00000000
00000000
00000000
,  // measure 102
01000000
00000000
01000000
00000000
,  // measure 103
01100000
00000000
00000000
00100000
,  // measure 104
00000000
00000000
01000000
00100000
,  // measure 105
01000000
00000000
00001000
00000000
,  // measure 106
00001000
00000000
00001000
00010000
,  // measure 107
00001000
00000000
00000000
00000000
,  // measure 108
00010000
00000000
00100000
00000000
,  // measure 109
00010000
00000000
00000000
00000000
,  // measure 110
00100000
00000000
00010000
00000000
,  // measure 111
00100000
00000000
00000000
01000000
,  // measure 112
00000000
00000000
00001000
00000000
,  // measure 113
00001000
00000000
00010000
00001000
,  // measure 114
00000100
00000000
00000000
00000000
,  // measure 115
00000000
00000000
00000000
00000000
,  // measure 116
00010000
00000000
00100000
00000000
,  // measure 117
00001000
00000000
00000000
00000000
,  // measure 118
00010000
00000000
00010000
00000000
,  // measure 119
00001000
00000000
00000000
00000000
,  // measure 120
00010000
00000000
00000000
00000000
,  // measure 121
01000000
00000000
00000000
00000000
,  // measure 122
00010000
00100000
00001000
00000000
,  // measure 123
00001000
00000000
00000000
00000000
,  // measure 124
00001000
00010000
00001000
00000000
,  // measure 125
00100000
00000000
00000000
00000000
,  // measure 126
00100000
00010000
00100000
00000000
,  // measure 127
01000000
00000000
00000000
01000000
,  // measure 128
00000000
00000000
00100000
00000000
,  // measure 129
01000000
00000000
00000000
01000000
,  // measure 130
00000000
00000000
01000000
10000000
,  // measure 131
00100000
00000000
00000000
00000000
,  // measure 132
10000000
00000000
00000100
00000000
,  // measure 133
00000000
00000000
00020000
00000000
,  // measure 134
00000000
00000000
00000000
00000000
,  // measure 135
00000000
00000000
00030000
00000000
;
